-1.206887
-1.201247
-1.195608
-1.190774
-1.181106
-1.174661
-1.163381
-1.153713
-1.144851
-1.139212
-1.127127
-1.124710
-1.115847
-1.107791
-1.101346
-1.095706
-1.087649
-1.079593
-1.069925
-1.062674
-1.053006
-1.048172
-1.040115
-1.032059
-1.020780
-1.012723
-1.005472
-0.991776
-0.983719
-0.977274
-0.966800
-0.960355
-0.950687
-0.941019
-0.935380
-0.925712
-0.915238
-0.907987
-0.897514
-0.891874
-0.883012
-0.874955
-0.868510
-0.857231
-0.849980
-0.839506
-0.832255
-0.821782
-0.808891
-0.796806
-0.787944
-0.783110
-0.770219
-0.761357
-0.750883
-0.744438
-0.733159
-0.726714
-0.713823
-0.704961
-0.697710
-0.687236
-0.680791
-0.671123
-0.659038
-0.652593
-0.642925
-0.630840
-0.623589
-0.612310
-0.599419
-0.588946
-0.582500
-0.568804
-0.563165
-0.551885
-0.539801
-0.529327
-0.524493
-0.510797
-0.501934
-0.493072
-0.481793
-0.475348
-0.467291
-0.457623
-0.446344
-0.439093
-0.427008
-0.416535
-0.401227
-0.391559
-0.382697
-0.370612
-0.360944
-0.351276
-0.339191
-0.329523
-0.319050
-0.310187
-0.298103
-0.289240
-0.281989
-0.270710
-0.263459
-0.252180
-0.244929
-0.233650
-0.224787
-0.212703
-0.200618
-0.186921
-0.175642
-0.166780
-0.157918
-0.147444
-0.134554
-0.127303
-0.116829
-0.102327
-0.091048
-0.081380
-0.075740
-0.064461
-0.054793
-0.045931
-0.035457
-0.026595
-0.013705
-0.002425
0.008048
0.015299
0.030607
0.041080
0.049137
0.062833
0.070084
0.082169
0.091837
0.099894
0.111173
0.127286
0.132120
0.140982
0.150650
0.160318
0.172403
0.177237
0.192544
0.201407
0.209463
0.222354
0.234439
0.242495
0.254580
0.265054
0.273916
0.286001
0.297280
0.306142
0.315005
0.325478
0.334341
0.346425
0.356093
0.363344
0.373012
0.383486
0.393959
0.402016
0.412490
0.421352
0.431825
0.447133
0.452773
0.466469
0.472108
0.484999
0.499501
0.506752
0.512391
0.524476
0.533339
0.542201
0.548646
0.559120
0.572010
0.576844
0.590540
0.597791
0.609071
0.616322
0.625184
0.634852
0.649354
0.656605
0.667884
0.676746
0.684803
0.694471
0.700916
0.712195
0.721863
0.729920
0.737976
0.747644
0.758118
0.762952
0.773425
0.784705
0.791150
0.798401
0.808874
0.816931
0.828210
0.838684
0.847546
0.854797
0.863659
0.872521
0.879772
0.889440
0.894274
0.905554
0.912804
0.919250
0.929723
0.936974
0.946642
0.954699
0.962755
0.970006
0.978869
0.986120
0.994982
1.002233
1.015123
1.019957
1.028819
1.040099
1.044933
1.052989
1.059435
1.065074
1.074742
1.082799
1.088438
1.101329
1.103746
1.108580
1.117442
1.127110
1.131944
1.136778
1.144029
1.152891
1.156919
1.171421
1.176255
1.181895
1.189952
1.198008
1.202036
1.210093
1.217344
1.220567
1.230235
1.235874
1.233457
1.250376
1.255210
1.259238
1.267295
1.273740
1.276963
1.285825
1.286631
1.295493
1.304355
1.310801
1.314829
1.319663
1.328525
1.334970
1.340610
1.343027
1.349472
1.353500
1.359946
1.365585
1.369614
1.372031
1.379282
1.384921
1.391367
1.395395
1.400229
1.404257
1.413925
1.413925
1.419565
1.421982
1.427621
1.433261
1.438900
1.439706
1.446151
1.450180
1.455819
1.461459
1.463070
1.468710
1.469516
1.475961
1.478378
1.484017
1.483212
1.488851
1.489657
1.500131
1.500131
1.502548
1.506576
1.508993
1.513827
1.521078
1.521078
1.524300
1.528329
1.533163
1.530746
1.533968
1.533163
1.537191
1.542831
1.542831
1.547665
1.550082
1.551693
1.554110
1.559749
1.560555
1.562166
1.562972
1.562972
1.567000
1.567806
1.570223
1.572640
1.578280
1.576668
1.577474
1.579085
1.579085
1.577474
1.582308
1.579085
1.582308
1.583114
1.584725
1.581502
1.589559
1.586336
1.591976
1.587142
1.591976
1.591170
1.589559
1.590365
1.591976
1.590365
1.591976
1.588753
1.591976
1.590365
1.592782
1.592782
1.588753
1.593587
1.585531
1.586336
1.591170
1.590365
1.589559
1.589559
1.586336
1.583919
1.587948
1.582308
1.584725
1.586336
1.582308
1.579891
1.579085
1.579891
1.577474
1.575057
1.575057
1.574251
1.570223
1.571834
1.569417
1.565389
1.565389
1.559749
1.560555
1.558138
1.559749
1.553304
1.552499
1.551693
1.552499
1.547665
1.543636
1.540414
1.540414
1.532357
1.530746
1.530746
1.527523
1.521883
1.521078
1.514632
1.514632
1.506576
1.508187
1.500131
1.499325
1.494491
1.496102
1.488851
1.485629
1.479989
1.475155
1.473544
1.471933
1.463876
1.463070
1.459848
1.454208
1.450985
1.443734
1.442123
1.436483
1.443734
1.430844
1.421982
1.418759
1.415536
1.409897
1.404257
1.395395
1.393783
1.389755
1.382504
1.382504
1.370419
1.367197
1.365585
1.355917
1.350278
1.349472
1.341416
1.335776
1.332553
1.324497
1.317246
1.313217
1.306772
1.297910
1.293076
1.289853
1.280185
1.277768
1.270518
1.264878
1.256821
1.251182
1.245542
1.239902
1.232651
1.224595
1.218150
1.214927
1.204453
1.202036
1.188340
1.185118
1.175450
1.168199
1.164170
1.153697
1.148863
1.143223
1.132750
1.124693
1.120665
1.115025
1.102940
1.098106
1.090050
1.085216
1.077965
1.070714
1.057823
1.052184
1.047350
1.034459
1.023180
1.020763
1.011901
1.005455
0.995787
0.987731
0.980480
0.973229
0.965172
0.957921
0.947448
0.939391
0.932946
0.924084
0.913610
0.907971
0.900720
0.889440
0.882995
0.873327
0.862048
0.853186
0.849157
0.833044
0.825793
0.816931
0.808069
0.804846
0.790344
0.786316
0.777454
0.762952
0.755701
0.747644
0.733142
0.730725
0.720252
0.708972
0.700110
0.694471
0.676746
0.667884
0.660633
0.650965
0.638880
0.635657
0.625184
0.616322
0.605042
0.594569
0.584095
0.575233
0.566371
0.561537
0.552674
0.540590
0.532533
0.522059
0.511586
0.501918
0.492250
0.476942
0.464858
0.458412
0.449550
0.436659
0.430214
0.416518
0.406850
0.397182
0.389931
0.377041
0.367373
0.357705
0.347231
0.340786
0.327895
0.319839
0.311782
0.297280
0.286001
0.280361
0.259414
0.254580
0.242495
0.233633
0.222354
0.212686
0.206241
0.194961
0.185293
0.174820
0.161124
0.152261
0.145010
0.132120
0.128897
0.114395
0.103922
0.095060
0.083780
0.073307
0.055582
0.049943
0.037858
0.025773
0.012882
0.006437
-0.005648
-0.016122
-0.024984
-0.035457
-0.043514
-0.058821
-0.066878
-0.075740
-0.087020
-0.096688
-0.106355
-0.120052
-0.129720
-0.137776
-0.149055
-0.161946
-0.172420
-0.186116
-0.194172
-0.203840
-0.213508
-0.223982
-0.236872
-0.245735
-0.254597
-0.265876
-0.277961
-0.284406
-0.295686
-0.302936
-0.315021
-0.323078
-0.337580
-0.346442
-0.355304
-0.372223
-0.377057
-0.392365
-0.403644
-0.411701
-0.422174
-0.433453
-0.443121
-0.451178
-0.460040
-0.469708
-0.480182
-0.489850
-0.501934
-0.512408
-0.519659
-0.528521
-0.538189
-0.549468
-0.562359
-0.572833
-0.584917
-0.592168
-0.602642
-0.611504
-0.621978
-0.629229
-0.636480
-0.651787
-0.659038
-0.668706
-0.679985
-0.687236
-0.695293
-0.704155
-0.713017
-0.728325
-0.733965
-0.738799
-0.758940
-0.763774
-0.775859
-0.783110
-0.793583
-0.801640
-0.808891
-0.820170
-0.829032
-0.841117
-0.849174
-0.856425
-0.864481
-0.874149
-0.881400
-0.893485
-0.899931
-0.909598
-0.914432
-0.925712
-0.933768
-0.948270
-0.955521
-0.965189
-0.976468
-0.985330
-0.990164
-0.995804
-1.003861
-1.014334
-1.024808
-1.032864
-1.040921
-1.049783
-1.054617
-1.066702
-1.072342
-1.081204
-1.091678
-1.095706
-1.102957
-1.109402
-1.116653
-1.131155
-1.140823
-1.146462
-1.153713
-1.158547
-1.168215
-1.176272
-1.184329
-1.192385
-1.198025
-1.206081
-1.211721
-1.219778
-1.228640
-1.234279
-1.247976
-1.248781
-1.257644
-1.264089
-1.267311
-1.276174
-1.285036
-1.293898
-1.301149
-1.306789
-1.310011
-1.318068
-1.323708
-1.328542
-1.335793
-1.340627
-1.347072
-1.353517
-1.362379
-1.367213
-1.372853
-1.381715
-1.383327
-1.389772
-1.398634
-1.404274
-1.411525
-1.416359
-1.422804
-1.429249
-1.432472
-1.442945
-1.445362
-1.453419
-1.459059
-1.463087
-1.466310
-1.473560
-1.480811
-1.482423
-1.492091
-1.496119
-1.497730
-1.505787
-1.510621
-1.509009
-1.521094
-1.519483
-1.530762
-1.531568
-1.535596
-1.539625
-1.546070
-1.550904
-1.550904
-1.558155
-1.562183
-1.568628
-1.570240
-1.573462
-1.583130
-1.582325
-1.587159
-1.590381
-1.596021
-1.595215
-1.601660
-1.605689
-1.605689
-1.614551
-1.616968
-1.616968
-1.622608
-1.625025
-1.631470
-1.633887
-1.635498
-1.641943
-1.643555
-1.641138
-1.645972
-1.648389
-1.649194
-1.650000
-1.650000
-1.650000
-1.650000
-1.650000
-1.650000
-1.650000
-1.650000
-1.650000
-1.650000
-1.650000
-1.650000
-1.650000
-1.650000
-1.650000
-1.650000
-1.650000
-1.650000
-1.650000
-1.650000
-1.650000
-1.650000
-1.650000
-1.650000
-1.650000
-1.650000
-1.650000
-1.650000
-1.650000
-1.650000
-1.650000
-1.650000
-1.650000
-1.650000
-1.650000
-1.650000
-1.650000
-1.650000
-1.650000
-1.650000
-1.650000
-1.650000
-1.650000
-1.650000
-1.650000
-1.650000
-1.650000
-1.650000
-1.650000
-1.650000
-1.650000
-1.650000
-1.650000
-1.650000
-1.650000
-1.650000
-1.650000
-1.650000
-1.650000
-1.650000
-1.650000
-1.650000
-1.650000
-1.650000
-1.650000
-1.650000
-1.650000
-1.650000
-1.650000
-1.650000
-1.650000
-1.650000
-1.650000
-1.650000
-1.650000
-1.650000
-1.650000
-1.650000
-1.650000
-1.650000
-1.650000
-1.650000
-1.650000
-1.649194
-1.645972
-1.645166
-1.639526
-1.639526
-1.634692
-1.629858
-1.629053
-1.626636
-1.620996
-1.617774
-1.615357
-1.614551
-1.607300
-1.603272
-1.601660
-1.600049
-1.595215
-1.591992
-1.586353
-1.585547
-1.576685
-1.579102
-1.569434
-1.565406
-1.564600
-1.557349
-1.553321
-1.550098
-1.544459
-1.539625
-1.538013
-1.529151
-1.525928
-1.523511
-1.517066
-1.510621
-1.509009
-1.500953
-1.501759
-1.496119
-1.492896
-1.485645
-1.484840
-1.472755
-1.471143
-1.463893
-1.457447
-1.450196
-1.449391
-1.438917
-1.434889
-1.430860
-1.425221
-1.421193
-1.411525
-1.405885
-1.398634
-1.395411
-1.388966
-1.383327
-1.376076
-1.371242
-1.362379
-1.358351
-1.351100
-1.346266
-1.339821
-1.331764
-1.323708
-1.318874
-1.310817
-1.301149
-1.297927
-1.294704
-1.286647
-1.280202
-1.271340
-1.265700
-1.259255
-1.252004
-1.245559
-1.239113
-1.231057
-1.226223
-1.215749
-1.207693
-1.202053
-1.190774
-1.184329
-1.177883
